729958
730222
730222
730478
4257823
364566
729370
12766
145598
363198
726610
363406
725206
727010
363598
725582
725758
241378
362150
724458
724458
60382
724746
723110
723238
723358
723358
723470
723574
721922
361006
723758
144418
361086
722242
361150
361150
722354
72238
240238
722434
361230
722482
240262
361246
1698
361246
240262
722482
361230
722434
240238
72238
722354
361150
361150
722242
361086
144418
723758
361006
721922
723574
723470
723358
723358
723238
723110
724746
60382
724458
724458
362150
241378
725758
4253375
363598
727010
725206
363406
726610
363198
145598
12766
729370
364566
728890
730478
730222
730222
729958
729686
365630
243658
732550
732254
183454
733514
73318
244918
734430
735986
367822
737198
736846
82042
369014
737658
147838
738814
370174
739954
743018
371302
744134
743710
248410
74478
746318
745870
747386
373462
374974
749474
750982
750494
187998
250498
752998
376990
755478
754950
756442
188974
126478
108330
759806
759238
152438
253870
763090
764566
95678
766910
766294
769230
256198
385030
769418
772338
154758
27662
59694
258454
778270
777574
389510
390958
781202
784090
97918
156958
785490
786926
789798
789030
791894
791110
793966
795394
796014
199358
798038
799458
160458
267622
402142
804838
806250
809074
809598
25342
406910
814318
815722
816198
163798
410198
820846
823638
826430
825454
828238
277006
831410
834186
835574
417966
419350
420734
168358
281518
847318
846238
848990
851742
852010
122106
857498
15046
860470
863206
863410
866138
868866
43518
436558
218958
875974
292894
881398
440750
885558
888262
1779298
891026
895070
897766
224446
901822
904510
180898
908518
182238
913878
915158
917830
460918
921742
925738
928402
932398
466126
936238
235054
471438
944010
947982
950630
951718
477838
959638
96358
963310
138178
971206
975154
122014
980062
491998
987934
329614
330922
332230
333538
500734
1005382
1010598
507254
1015298
1019198
1024398
1028298
1032198
172366
115342
1043278
261790
1049102
1052978
1058146
1063314
75990
534518
537094
539670
1083206
1084978
363370
1095250
1100386
368506
221438
1112318
1117438
561918
564478
1130534
1135638
1142018
39554
1153502
577486
1161334
1166422
586390
393046
1180506
1186846
1193186
1199526
3802
302094
1214702
610510
1227342
1234926
620622
59218
417058
1257478
1265038
1271338
36538
1282374
1289910
648094
651862
2623782
1320054
1323362
1330874
1338386
1347150
1354662
1363426
170974
687646
1384030
116062
1401502
705118
472990
1424378
1433086
1443038
1451746
1461698
1471650
1481602
1486758
1496678
301318
1516518
763838
1538838
1548758
1554886
1566010
1577134
1589494
1600618
537658
541366
1636462
821742
59134
1669358
240238
423806
1708782
861166
1735886
1743758
1758494
1772002
1786738
1802702
1817438
388046
1848138
1864102
937582
630358
1908214
1925350
647494
108934
988990
1996342
223990
339046
2047158
413578
2087418
2108158
425778
2150858
2172818
2194778
2217958
2241138
2258110
2282430
2306750
1166142
2164478
2384574
150782
2440510
1234238
1248830
2528062
319806
1295038
2613070
2645794
893242
2714878
2750026
2786386
2823958
2106454
967174
738106
78778
859306
1479850
442378
1336834
95430
1625966
1651334
1677910
1705694
1159678
35030
914454
12078
1635630
513398
1925550
1961790
1999238
2362846
68854
1644086
2165942
2211846
104746
260062
2346594
1840914
294978
1443594
2202114
970422
2371878
2715018
1643458
2320106
1679578
2168402
1784326
976442
986074
2300842
909018
815106
1137778
2393550
1031826
179394
1719310
2423650
309426
1592890
993298
202270
429826
2016698
1178714
846410
1891482
2125058
687482
840390
257654
1277442
687482
687482
687482
2060042
344342
687482
1202
