1202
687482
344342
2060042
687482
687482
687482
1277442
257654
840390
687482
2125058
1891482
846410
1178714
2016698
429826
202270
993298
1592890
309426
2423650
1719310
179394
1031826
2393550
1137778
815106
909018
2300842
57197523
976442
1784326
2168402
1679578
2320106
1643458
2715018
2371878
970422
2202114
1443594
294978
1840914
2346594
260062
104746
2211846
2165942
1644086
68854
2362846
1999238
1961790
1925550
513398
1635630
12078
914454
35030
1159678
1705694
1677910
1651334
1625966
95430
1336834
442378
1479850
859306
78778
738106
967174
2106454
2823958
2786386
2750026
2714878
893242
2645794
2613070
1295038
319806
2528062
1248830
1234238
2440510
150782
2384574
2164478
1166142
2306750
2282430
2258110
2241138
2217958
2194778
2172818
2150858
425778
2108158
2087418
413578
2047158
339046
223990
1996342
988990
108934
647494
1925350
1908214
630358
937582
1864102
1848138
388046
1817438
1802702
1786738
1772002
1758494
1743758
1735886
861166
1708782
423806
240238
1669358
59134
821742
1636462
541366
537658
1600618
1589494
1577134
1566010
1554886
1548758
1538838
763838
1516518
301318
1496678
1486758
1481602
1471650
1461698
49112185
1443038
1433086
1424378
472990
705118
1401502
116062
1384030
687646
170974
1363426
1354662
1347150
1338386
1330874
1323362
1320054
2623782
651862
648094
1289910
1282374
36538
1271338
1265038
1257478
417058
59218
620622
1234926
1227342
610510
1214702
302094
3802
1199526
1193186
1186846
1180506
393046
586390
1166422
1161334
577486
1153502
39554
1142018
1135638
1130534
564478
561918
1117438
1112318
221438
368506
1100386
1095250
363370
1084978
1083206
539670
537094
534518
75990
1063314
1058146
1052978
1049102
261790
1043278
115342
172366
1032198
1028298
1024398
45951423
1015298
507254
1010598
1005382
500734
333538
332230
330922
329614
987934
491998
980062
122014
975154
971206
138178
963310
96358
959638
477838
951718
950630
947982
944010
471438
235054
936238
466126
932398
928402
925738
921742
460918
917830
915158
913878
182238
908518
180898
904510
901822
224446
897766
895070
891026
1779298
888262
885558
440750
881398
292894
875974
218958
436558
43518
868866
866138
863410
863206
860470
15046
857498
122106
852010
851742
848990
846238
847318
281518
168358
420734
419350
417966
835574
834186
831410
277006
828238
825454
826430
823638
820846
410198
163798
816198
815722
814318
406910
25342
809598
809074
806250
804838
402142
267622
160458
799458
798038
199358
796014
795394
793966
791110
791894
789030
789798
786926
785490
156958
97918
784090
781202
390958
389510
777574
778270
258454
59694
27662
154758
772338
769418
385030
256198
769230
766294
766910
95678
764566
763090
253870
152438
759238
759806
108330
126478
188974
756442
754950
755478
376990
752998
250498
187998
750494
750982
749474
374974
373462
747386
745870
746318
74478
248410
743710
744134
371302
743018
739954
370174
738814
147838
737658
369014
82042
736846
737198
367822
735986
734430
244918
73318
733514
183454
732254
732550
243658
365630
729686
729958
730222
730222
730478
