1240
830
2496
2506
2516
2526
8
636
2554
1282
2574
2586
1298
124
872
2626
2638
2648
76
2670
2682
1346
1352
5434
2730
2740
2752
2764
2778
2790
2804
352
1414
2842
238
2870
1442
966
2912
2926
2942
2956
2972
2988
3004
3018
3034
610
3066
1542
3102
3118
3134
3152
3170
3190
3208
1076
1082
3266
1642
118
3326
478
842
3390
1706
3434
3454
3478
3500
3524
3550
3574
762
3624
3650
1838
1234
3730
3758
1262
212
1922
3874
434
656
3966
800
4032
4066
820
4136
4172
4208
4246
4284
4322
4362
4402
2222
4118
4530
286
4622
2334
2358
4766
602
2434
4918
4972
1676
5086
5144
5204
5266
3922
1798
1370
146
1590
2734
816
2462
176
2994
3036
3080
3126
2122
64
1668
22
2974
932
3490
3550
3612
4262
124
2956
3888
3964
188
466
4198
3288
526
2570
3914
1722
4202
4802
2902
4090
2956
3810
3130
1710
1724
4016
1584
1418
1976
4150
1786
310
2966
4174
532
2734
1702
346
734
3438
2006
1438
3208
3598
1162
1418
434
2148
1154
1152
1150
3440
574
1144
2
