146
1370
1798
3922
5266
5204
5144
5086
1676
4972
4918
2434
602
4766
2358
2334
4622
286
4530
4118
2222
4402
4362
4322
4284
4246
4208
4172
4136
820
4066
4032
800
3966
656
434
3874
1922
212
1262
3758
3730
1234
1838
3650
3624
762
3574
3550
3524
3500
3478
3454
3434
1706
3390
842
478
3326
118
1642
3266
1082
1076
3208
3190
3170
3152
3134
3118
3102
1542
3066
610
3034
3018
3004
2988
2972
100001
2942
2926
2912
966
1442
2870
238
2842
1414
352
2804
2790
2778
2764
2752
2740
2730
5434
1352
1346
2682
2670
76
2648
2638
2626
872
124
1298
2586
2574
1282
2554
636
8
2526
2516
2506
2496
830
1240
2470
2462
1226
2446
84
2428
2418
2410
1202
1198
2386
2378
474
788
2356
2348
780
2332
2326
1160
1156
1152
164
2292
2284
2276
2270
566
2258
250
374
2238
2232
2226
100001
2212
1104
2202
2194
1094
728
726
724
722
2162
1078
2150
268
2140
2134
304
2122
212
2114
1054
2102
2098
2094
2088
1042
520
2074
1034
2066
2060
2056
2050
1024
2042
2038
2034
406
2026
404
2018
2014
502
2006
2002
1996
3986
1990
1986
990
1978
658
1970
492
982
98
1956
1952
1948
1946
1942
34
1936
276
1928
1926
1922
1918
1918
638
382
954
952
950
1898
1896
1892
630
1886
1882
1882
1878
1874
936
374
1866
1864
1862
930
58
1854
1852
1848
1846
922
614
368
1836
1834
458
1830
1828
1826
1822
1822
1818
1818
1814
1812
362
226
1808
1804
902
900
1798
1798
598
138
64
358
1788
1784
892
594
1782
1778
1778
222
1774
1772
590
354
1766
1766
252
294
440
1760
1758
1758
878
1754
584
438
1750
1750
1748
874
872
1744
1742
1742
174
580
1738
1738
868
1736
1732
866
1730
346
1728
864
192
1726
1726
862
1724
1722
574
172
1720
430
1718
1718
572
858
1714
1714
1714
1714
1714
100001
856
1712
30
342
854
1708
854
1706
1708
854
1706
1706
568
852
1704
1704
142
1704
1702
1702
1702
1702
1702
1702
1700
850
1702
340
850
1700
850
850
1700
170
566
1700
850
1700
566
850
4
850
566
1700
850
1700
566
170
1700
850
850
1700
850
340
1702
850
1700
1702
1702
1702
1702
1702
1702
1704
142
1704
1704
852
568
1706
100001
854
1708
1706
854
1708
854
342
30
1712
856
1712
1714
1714
1714
1714
1714
858
572
1718
1718
430
1720
172
574
1722
1724
862
1726
1726
192
864
1728
346
1730
866
1732
1736
868
1738
1738
580
174
1742
1742
1744
872
874
1748
1750
1750
438
584
1754
878
1758
1758
1760
440
294
252
1766
1766
354
590
1772
1774
222
1778
1778
1782
594
892
1784
1788
358
64
138
598
1798
1798
900
902
1804
1808
226
362
1812
1814
1818
1818
1822
1822
1826
1828
1830
458
1834
1836
368
614
922
1846
1848
1852
1854
58
930
1862
1864
1866
374
936
1874
1878
1882
1882
1886
630
1892
1896
1898
950
952
954
382
638
1918
1918
1922
1926
1928
276
1936
34
1942
1946
1948
1952
1956
98
982
492
1970
658
1978
990
1986
1990
3986
1996
2002
2006
502
2014
2018
404
2026
406
2034
2038
2042
1024
2050
2056
2060
2066
1034
2074
520
1042
2088
2094
2098
2102
1054
2114
212
2122
304
2134
2140
268
2150
1078
2162
722
724
726
728
1094
2194
2202
1104
2212
2218
2226
2232
2238
374
250
2258
566
2270
2276
2284
2292
164
1152
1156
1160
2326
2332
780
2348
2356
788
474
2378
2386
1198
1202
2410
2418
2428
84
2446
1226
2462
2470
1240
830
2496
